.Random.seed <-
c(403L, 325L, -1992583367L, 230217403L, -1895494640L, 1012159847L, 
-703719469L, -691043915L, -1309899314L, 327553369L, 1424875259L, 
-1418803172L, -334353990L, -1837724995L, -1643419836L, -406986018L, 
1959047031L, 2044514108L, -1439492095L, -935713384L, 1339747925L, 
-2090948725L, 2138875281L, 651243248L, 1996507535L, 942476188L, 
390190792L, 2036694874L, -1162626377L, 1108694103L, -967489753L, 
-1417158555L, 1308187002L, 1062150624L, -696472713L, -144891038L, 
1114989193L, -1669394644L, -1907751240L, -1641194423L, -215620550L, 
-1372057045L, -997585004L, 1438997595L, -938171945L, -1156932925L, 
1606030968L, -410695101L, 7613203L, 1122069623L, -1264553137L, 
1986022481L, -1610934882L, 812818723L, -430563337L, -872236831L, 
1531644381L, -1771270030L, 1391911438L, -78566746L, -1211537986L, 
-2113096627L, -1243003706L, -1200358107L, 2146156490L, 663588136L, 
-708354388L, 321070947L, -990496770L, 1302064224L, -643921629L, 
-1514078494L, -639680162L, 1146039286L, -1817581022L, 2046133068L, 
-494328785L, 373021670L, 1245527333L, -190431289L, -653994694L, 
-1834223335L, 999003636L, 2041844465L, 546309437L, -1443426833L, 
-1850653119L, 201081262L, 1202476269L, -470067020L, 1983156816L, 
-2133632152L, 1280607475L, -20515579L, 1442541870L, 1484521743L, 
1737471855L, -2050114633L, -105619742L, -775250844L, 1374537659L, 
-1825428629L, 1485881314L, -2028959910L, 785849131L, 388620216L, 
-842722904L, -843289825L, -921552513L, 383453194L, -1763057511L, 
-1548305541L, -923307734L, -474627095L, -326008943L, -1138700217L, 
1420572319L, -916697857L, 156919403L, -1963388852L, 194559355L, 
-166511100L, 524416787L, -1228424715L, -1893999308L, -618556197L, 
1533146615L, 555315941L, 1911559626L, 2117095595L, -1724017633L, 
-498789212L, -490049052L, -1943684755L, -1431945099L, -288891351L, 
-719969956L, -555996800L, 718911627L, -722483706L, 1591762854L, 
-1367345610L, 1392352452L, 247725503L, 151796454L, 322073078L, 
1020519445L, -837540465L, 1266260602L, -939617741L, -902231718L, 
1898228292L, -1613592466L, 1722314011L, 1357799237L, -1261459428L, 
-513274551L, 157247009L, -1998518062L, -413851569L, 1579944339L, 
-335167476L, -1590842377L, 766815663L, 1066400830L, -2137968618L, 
-1473137328L, 1502834009L, 5382630L, 54774135L, 1104809123L, 
-1544200157L, -1591497663L, -461021181L, -522116647L, 1412250535L, 
-753498068L, 874581442L, -702797283L, -1339883391L, 1424941368L, 
674569529L, 1916263905L, 135853155L, -642925558L, 455508097L, 
196646203L, 1106674172L, -943711883L, -1272356654L, -1396820630L, 
-720017342L, 1701058768L, -1627573779L, -153243019L, 1341301438L, 
164764227L, 1951890814L, 912612115L, -400454199L, 590910083L, 
1860723904L, 430480905L, -2114028821L, 474461934L, -40219130L, 
375985881L, 847721265L, 619095787L, 993272887L, -1379766392L, 
-2082014156L, 579949985L, 363199458L, 1854970480L, 2018992163L, 
1506715943L, -1550726157L, 1067369862L, -1613659149L, -783695863L, 
-1929809558L, 1421952114L, -1460660533L, -1782830821L, 1430504058L, 
156435966L, -729448106L, -254646138L, 649316153L, -1813307181L, 
-479965334L, 1547752869L, -678483839L, -578303806L, -1397620832L, 
-178269860L, -264117723L, 489652649L, 803627371L, -1837590381L, 
-666560325L, 139148358L, -1041351331L, 549999792L, 2096153653L, 
144633041L, 1349085238L, 1042952552L, -1146596946L, -88517511L, 
-119527176L, -897430578L, -1120142089L, -855566678L, -198037506L, 
909697899L, 263055472L, 693706224L, 1386613288L, -2082985475L, 
1090860337L, 1404093019L, 1267787269L, 25906604L, 1474248183L, 
2110814614L, 1687606558L, -48226546L, 257701859L, -1357708554L, 
359822718L, 444929812L, -1362167201L, 1511378032L, 1769048501L, 
719778651L, 498456334L, 408852954L, 1880694816L, 178561640L, 
-915984024L, 504148974L, -304278617L, -1232982889L, 1979926140L, 
-639967944L, 52191063L, -35922348L, -662987965L, -1213644843L, 
1159841419L, 91509134L, 607341928L, 1540613962L, -483385545L, 
-75552368L, -449828003L, -233633516L, 587745684L, -1653862880L, 
2088979747L, -395768278L, -677854629L, -489478261L, -707686929L, 
-264179635L, -235578362L, 704897691L, 1531400009L, 61528932L, 
-315018704L, 679210351L, -1585285464L, 1282593571L, -652447676L, 
-1894928367L, -2120701738L, 1969733916L, 1575359283L, -101068495L, 
-959932090L, 1717767940L, -1794484579L, 190616289L, 1135423398L, 
1875437188L, 821375796L, 423266315L, -2049438449L, -1195252536L, 
-1984858362L, -1364211432L, -1345200773L, -727623373L, 264018658L, 
-263594482L, -1734001009L, -1021258826L, -2135722216L, -289346558L, 
1906844508L, -1282195098L, 190642947L, 1714187542L, -550265087L, 
363302376L, -194545518L, -2046334427L, 1524453277L, 673961347L, 
670062065L, -1901216391L, -1515926412L, -432687844L, 1689107156L, 
1035016389L, -189983202L, 347851192L, 756974798L, -433360022L, 
1527435396L, -2054653775L, -506894672L, 1578089041L, 494893981L, 
332315692L, 1338016552L, -729992544L, -258845238L, 471562016L, 
-314215881L, 1265638251L, 327717058L, 868375493L, -1798968527L, 
-84124539L, 812535219L, 1642117598L, -81432258L, -388140863L, 
-1478153123L, 888065672L, 894066471L, 341047100L, -61339971L, 
-1670527258L, 1221807529L, 1598037538L, 836873442L, -1492608160L, 
1750334162L, 1845819243L, -2104947487L, -1652478323L, 1866781778L, 
1913744892L, 1571136968L, -508513737L, -294356966L, -1104745816L, 
-519313745L, 898365022L, -2139564119L, 1586447750L, 435838627L, 
335210338L, -1233893301L, -1544926082L, 1648824273L, -485327347L, 
-237864483L, 77109514L, 1178022839L, -771241068L, -609119060L, 
-1214988147L, -2016487869L, 1836348087L, 327569269L, -725516763L, 
1686389650L, -1640575291L, -1450648963L, -520168111L, -1734387306L, 
125404329L, 378452201L, 1672819549L, 718457152L, -191852257L, 
1873250654L, -2096839742L, 1814104062L, 767696605L, -25232336L, 
-1774286663L, 573662193L, 43133540L, -1415635071L, 1672762470L, 
1458274095L, -1560121201L, 2075184017L, -1504709370L, 1502832167L, 
935881123L, 995155844L, 1698926398L, -501670488L, -337907371L, 
1616117617L, -995388939L, -1129369393L, 1382085412L, -1405299059L, 
1615338213L, 610836077L, 1196155060L, 1043501912L, -265991123L, 
1713646889L, -1637581177L, 529356074L, 2028588081L, 1210329253L, 
122210281L, -1988935214L, 1834014187L, -1328793479L, -93014431L, 
-1279372548L, -1885785119L, -917408422L, -498875899L, 2058185243L, 
-986333454L, -1845516643L, -1224455580L, 401702869L, -1853005563L, 
-1254454134L, 175730284L, 766769903L, 1230669258L, -1509516963L, 
-1899666303L, 374014002L, 629597757L, 898073664L, -1873031810L, 
1739357925L, 813494619L, -268713857L, 826834524L, -1122447908L, 
1500436798L, -1640885073L, -519067260L, 1230227372L, 704590059L, 
-1059268098L, 602144396L, 1198651488L, 1661282967L, 1667283798L, 
-672854653L, 1190862841L, 2104327222L, -1564800262L, 669589599L, 
2023888398L, -665762376L, -1035807542L, -146885377L, 1799930117L, 
-1034669440L, -434815731L, 2001911947L, -1483480135L, -1381626688L, 
641030180L, 515751962L, 2009664627L, -100895118L, -848492543L, 
-437253691L, 316140315L, -2100518334L, 408560982L, 1576555961L, 
1987051506L, 1719827479L, 1911360428L, -1142155414L, 1596884521L, 
173996655L, -473893118L, -1947638194L, 768943744L, 2073347271L, 
706803429L, -795746492L, -532645863L, -644852582L, -1900713824L, 
1695420928L, 1726564117L, -1010865867L, -2042634761L, 1435702312L, 
-114772164L, -486181651L, 1053229414L, 1577642830L, 1563299515L, 
-1139601538L, -47128535L, 615143258L, 851478496L, 1702277994L, 
-462591521L, -1948762397L, 60993868L, 841905983L, 1869370538L, 
1465423633L, 1068086185L, 535784781L, -1106914998L, 321543474L, 
52079213L, -1946959022L, -1748338330L, -761990412L, 1869934686L, 
-2138154018L, 1444862150L, -302210016L, -638126467L, -1015907209L, 
636672472L, 1723791873L, 946845662L, -734816649L, 443632022L, 
-68300028L, -1998723881L, -1845946675L, -1751378180L, 1273988846L, 
-758158075L, -1349187018L, -817081635L, -1997164901L, 539340099L, 
215076595L, 1576027815L, -618187741L, 336239418L, -882115421L, 
163803341L, 1881353182L, -494619773L, 51106114L, 430339983L, 
